4
-3.6728737128436996E-5
0.03897431138727655
-12.651719251977294
1773.9736160801656
160
597
253
473
370
568
562
454
0
479
0
0
6
3.2119277551170433E-9
-1.3258201811259577E-5
0.02167803043115284
-17.553289070853477
7040.304775960458
-1118710.5161412852
641
546
699
492
777
463
831
571
930
485
1081
500
660
1031
-181
64
5
1.1619191276570292E-7
-6.139585422319476E-4
1.1924421062573274
-1011.7539479623684
317398.3709454968
995
341
1085
241
1127
309
1335
197
1840
71
1063
1322
-213
-188
3
0.06077008928571138
-150.2648437499926
92765.02996651318
1181
62
1213
-91
1293
71
1202
1246
-93
119
5
-3.520332735176551E-9
2.760655889947291E-5
-0.07997870974894793
101.37433143658107
-47259.290096447694
1355
73
1643
188
1906
104
2192
153
2499
150
1395
2631
-242
-128
6
-5.293984541750298E-11
6.26420264094265E-7
-0.0029459861756994717
6.882582902399949
-7987.4142295886295
3683364.8410259592
1847
-203
2015
-351
2253
-179
2414
-361
2652
-308
2886
-248
1885
2811
504
154
6
3.0305789210121055E-11
-5.582297985443455E-7
0.004102184309015519
-15.032591469459735
27469.928959470304
-2.0024598734627653E7
3428
-72
3510
-136
3744
-101
3949
-185
4016
-273
4236
-190
3242
4267
73
-52
6
3.7843708746137285E-8
-8.502099321931071E-4
7.639552104760022
-34318.574792713174
7.70744762375902E7
-6.923126475395549E10
4373
-28
4407
74
4441
34
4487
133
4543
117
4656
268
4380
5450
-40
-100
