4
-3.6728737128436996E-5
0.03897431138727655
-12.651719251977294
1773.9736160801656
160
597
253
473
370
568
562
454
0
479
0
0
6
3.2119277551170433E-9
-1.3258201811259577E-5
0.02167803043115284
-17.553289070853477
7040.304775960458
-1118710.5161412852
641
546
699
492
777
463
831
571
930
485
1081
500
660
1031
-181
64
5
1.1619191276570292E-7
-6.139585422319476E-4
1.1924421062573274
-1011.7539479623684
317398.3709454968
995
341
1085
241
1127
309
1335
197
1840
71
1063
1322
-213
-188
3
0.06077008928571138
-150.2648437499926
92765.02996651318
1181
62
1213
-91
1293
71
1202
1246
-93
119
5
-3.520332735176551E-9
2.760655889947291E-5
-0.07997870974894793
101.37433143658107
-47259.290096447694
1355
73
1643
188
1906
104
2192
153
2499
150
1395
2510
-242
-128
3
0.005423137348230329
-27.652832535213875
35047.36136969987
2427
-122
2521
-199
2704
-74
2456
2830
-188
166
5
1.1376678582003208E-8
-1.0421937161844287E-4
0.33631409687445446
-432.0669858815937
161827.29960324836
618
317
2625
130
2669
205
2803
190
3107
289
2599
3165
43
328
5
-1.1601830824293633E-6
0.01575274019119528
-80.17663147514396
181297.84710918952
-1.536760624258417E8
3250
848
3293
990
3337
974
3403
1024
3586
989
3248
3561
-40
130
5
8.913725581565745E-7
-0.01303206660776848
71.44053046764402
-174036.37486968088
1.5897080404393306E8
3529
1506
3553
1422
3601
1391
3675
1393
3758
1388
3508
3806
13
-195
5
-1.9895096514842164E-7
0.0032150381298221395
-19.473734357621915
52398.20744072699
-5.284300300342808E7
3818
1140
3918
1199
4057
1025
4176
1057
4268
846
3774
4317
45
585
6
-8.753756140039308E-10
2.0845164033916432E-5
-0.19840147844461517
943.4593503976173
-2241507.490774898
2.128561408412247E9
4393
1279
4535
919
4662
1437
4825
940
4977
1444
5150
968
4420
5101
-58
212
5
4.5642251929870155E-6
-0.09554146756310686
749.9024826137331
-2615725.867096339
3.421121442725268E9
5118
1631
5147
1461
5199
1585
5281
1365
5370
1547
5126
6279
-83
595
